77
218.0,171.0
214.71579,171.06496
211.37016,171.21194
207.9084,171.50836
204.28821,171.99643
200.4838,172.68973
196.48883,173.57794
192.31842,174.63754
188.00993,175.84492
183.62207,177.18692
179.23056,178.66504
174.92058,180.29236
170.77676,182.08516
166.87314,184.0537
163.26526,186.19615
159.98665,188.49835
157.04956,190.93843
154.45038,193.4942
152.17824,196.15009
150.22531,198.9017
148.59637,201.75752
147.3143,204.73798
146.41974,207.87335
145.9641,211.20117
145.99835,214.7637
146.5621,218.60632
147.6763,222.77672
149.34238,227.32434
151.5461,232.29947
154.26375,237.7504
157.46713,243.71793
161.12524,250.22736
165.20273,257.2802
169.6564,264.8487
174.43175,272.87585
179.46063,281.28183
184.66113,289.97467
189.93948,298.862
195.19382,307.85913
200.3191,316.8923
205.21272,325.89774
209.7793,334.81882
213.93419,343.6048
217.60547,352.2118
220.73447,360.60587
223.27628,368.76526
225.20059,376.68
226.49348,384.34735
227.15866,391.76437
227.21733,398.91995
226.70497,405.78934
225.66508,412.33246
224.14139,418.4966
222.17096,424.2224
219.78087,429.45166
216.98969,434.13574
213.81265,438.24268
210.26917,441.76184
206.38947,444.70505
202.21944,447.1039
197.82213,449.00418
193.2765,450.4588
188.67351,451.52136
184.11008,452.2411
179.68213,452.65997
175.47739,452.81226
171.56902,452.72552
168.01096,452.42322
164.8354,451.9276
162.05246,451.26224
159.652,450.45285
157.60703,449.52686
155.87737,448.5115
154.41298,447.43182
153.1559,446.30914
152.04152,445.16058
151.0,444.0
