77
457.0,158.0
456.21448,157.36398
455.36996,156.75493
454.41547,156.19684
453.31335,155.70862
452.04095,155.30331
450.58743,154.98882
448.94806,154.7695
447.11688,154.64835
445.08096,154.62885
442.81824,154.71625
440.299,154.91837
437.49048,155.24548
434.3619,155.71014
430.88934,156.32664
427.05814,157.1102
422.8646,158.0757
418.31763,159.23566
413.44202,160.59714
408.2836,162.1583
402.914,163.9056
397.43286,165.81349
391.96466,167.8479
386.64865,169.97316
381.62454,172.16089
377.0161,174.3971
372.91724,176.68488
369.38297,179.04175
366.42722,181.49275
364.02692,184.06357
362.1327,186.7764
360.68378,189.65065
359.62415,192.70703
358.9168,195.97212
358.55133,199.4802
358.54474,203.27094
358.93588,207.38377
359.77698,211.85168
361.12512,216.69699
363.03616,221.93073
365.5606,227.55496
368.74014,233.5661
372.60297,239.95683
377.1582,246.7158
382.389,253.82544
388.24786,261.25928
394.65527,268.98077
401.50317,276.94434
408.66296,285.09778
415.99597,293.38556
423.36487,301.75085
430.64346,310.1361
437.72388,318.48206
444.51947,326.72754
450.96298,334.80994
457.0009,342.66818
462.58646,350.247
467.67505,357.50183
472.2248,364.40253
476.20294,370.93567
479.59558,377.10413
482.41553,382.92438
484.70325,388.422
486.51947,393.62598
487.93045,398.5632
488.9898,403.25482
489.71893,407.71744
490.08414,411.97012
489.9666,416.04868
489.125,420.02417
487.16537,424.0195
483.55157,428.21124
477.69473,432.80493
469.13574,437.97952
457.7778,443.81506
444.0658,450.23517
429.0,457.0
