37
218.0,171.0
218.30048,170.57028
218.63928,170.16588
219.05774,169.80527
219.60352,169.49513
220.33441,169.22858
221.32217,168.98715
222.655,168.74612
224.43816,168.4811
226.7915,168.17403
229.84348,167.81668
233.72174,167.41061
238.54193,166.96457
244.396,166.49074
251.34195,166.00165
259.3965,165.50842
268.53113,165.02048
278.67133,164.54593
289.6998,164.09135
301.46213,163.66089
313.77484,163.25505
326.4346,162.86993
339.22766,162.4978
351.93933,162.12955
364.36304,161.75769
376.30963,161.37935
387.6163,160.99724
398.15527,160.61859
407.83972,160.25235
416.6261,159.90594
424.512,159.58328
431.53073,159.28412
437.74707,159.00522
443.25604,158.74182
448.18604,158.48914
452.7016,158.24303
457.0,158.0
