37
151.0,444.0
151.48369,443.74924
152.1113,443.4979
153.02625,443.2455
154.37088,442.99216
156.28476,442.73944
158.89964,442.4923
162.33037,442.26105
166.66342,442.0625
171.94788,441.9194
178.1936,441.85687
185.37874,441.89636
193.46356,442.04913
202.40508,442.31213
212.1655,442.66907
222.71158,443.09708
234.00589,443.57642
245.99438,444.0991
258.59576,444.6718
271.69592,445.312
285.1481,446.03845
298.7784,446.8609
312.3941,447.77313
325.79358,448.75232
338.77734,449.76358
351.1586,450.76782
362.77405,451.72913
373.49326,452.61966
383.2262,453.422
391.92758,454.12872
399.59738,454.7405
406.27863,455.26404
412.054,455.7099
417.04312,456.09116
421.40094,456.42255
425.3152,456.7199
429.0,457.0
