834
41.0,97.0
41.0,96.0
42.0,96.0
43.0,94.0
43.0,93.0
45.0,90.0
46.0,89.0
49.0,86.0
51.0,83.0
54.0,79.0
57.0,78.0
59.0,74.0
63.0,70.0
66.0,67.0
69.0,62.0
74.0,59.0
77.0,58.0
79.0,56.0
82.0,55.0
83.0,55.0
85.0,55.0
86.0,55.0
88.0,55.0
89.0,55.0
90.0,57.0
91.0,58.0
92.0,60.0
92.0,63.0
92.0,65.0
92.0,70.0
90.0,75.0
86.0,81.0
83.0,87.0
79.0,93.0
74.0,98.0
71.0,104.0
68.0,110.0
65.0,116.0
63.0,120.0
61.0,124.0
61.0,127.0
61.0,130.0
63.0,130.0
67.0,130.0
76.0,130.0
91.0,127.0
104.0,123.0
113.0,118.0
120.0,113.0
127.0,106.0
134.0,98.0
140.0,93.0
149.0,85.0
157.0,78.0
166.0,72.0
172.0,68.0
176.0,65.0
180.0,64.0
183.0,64.0
186.0,64.0
187.0,64.0
187.0,65.0
187.0,69.0
187.0,75.0
186.0,82.0
183.0,89.0
179.0,96.0
173.0,105.0
167.0,114.0
160.0,119.0
156.0,125.0
153.0,128.0
152.0,130.0
154.0,130.0
158.0,129.0
166.0,126.0
172.0,123.0
177.0,120.0
183.0,116.0
188.0,111.0
194.0,107.0
201.0,101.0
208.0,97.0
213.0,93.0
218.0,90.0
220.0,89.0
221.0,87.0
222.0,89.0
222.0,92.0
222.0,98.0
222.0,102.0
221.0,106.0
219.0,111.0
219.0,113.0
219.0,115.0
221.0,113.0
227.0,109.0
233.0,104.0
239.0,100.0
243.0,97.0
248.0,93.0
254.0,90.0
259.0,88.0
266.0,85.0
278.0,83.0
290.0,83.0
297.0,83.0
300.0,83.0
302.0,83.0
302.0,84.0
302.0,87.0
303.0,90.0
303.0,95.0
302.0,101.0
299.0,107.0
295.0,113.0
291.0,119.0
286.0,124.0
281.0,130.0
275.0,134.0
269.0,140.0
265.0,144.0
262.0,148.0
261.0,150.0
262.0,150.0
266.0,150.0
273.0,148.0
287.0,145.0
300.0,142.0
310.0,138.0
319.0,133.0
328.0,127.0
338.0,121.0
348.0,113.0
354.0,110.0
359.0,107.0
362.0,104.0
365.0,104.0
368.0,104.0
371.0,102.0
373.0,102.0
374.0,102.0
375.0,103.0
375.0,104.0
376.0,107.0
376.0,112.0
376.0,117.0
376.0,123.0
374.0,127.0
374.0,132.0
371.0,136.0
368.0,142.0
366.0,144.0
365.0,147.0
365.0,149.0
368.0,149.0
374.0,149.0
382.0,147.0
393.0,145.0
407.0,142.0
416.0,141.0
422.0,139.0
425.0,138.0
429.0,136.0
435.0,135.0
439.0,135.0
440.0,135.0
441.0,135.0
442.0,136.0
443.0,139.0
443.0,144.0
443.0,148.0
441.0,153.0
433.0,161.0
426.0,166.0
422.0,169.0
421.0,170.0
419.0,172.0
423.0,172.0
433.0,170.0
453.0,167.0
469.0,166.0
487.0,164.0
499.0,164.0
505.0,164.0
506.0,164.0
509.0,166.0
522.0,173.0
535.0,182.0
543.0,186.0
546.0,188.0
546.0,190.0
546.0,192.0
546.0,192.0
544.0,194.0
543.0,195.0
541.0,197.0
540.0,198.0
537.0,201.0
534.0,204.0
532.0,204.0
531.0,206.0
528.0,207.0
526.0,207.0
523.0,208.0
520.0,209.0
517.0,210.0
514.0,212.0
512.0,212.0
509.0,212.0
507.0,213.0
506.0,213.0
505.0,213.0
502.0,215.0
500.0,215.0
497.0,215.0
495.0,217.0
492.0,218.0
489.0,220.0
488.0,221.0
483.0,224.0
479.0,227.0
471.0,232.0
467.0,235.0
463.0,240.0
458.0,244.0
454.0,250.0
449.0,255.0
446.0,261.0
441.0,267.0
438.0,271.0
437.0,275.0
437.0,279.0
437.0,282.0
437.0,284.0
437.0,285.0
437.0,287.0
437.0,290.0
439.0,291.0
440.0,293.0
443.0,294.0
446.0,296.0
451.0,297.0
457.0,298.0
464.0,300.0
471.0,301.0
479.0,303.0
485.0,303.0
490.0,303.0
496.0,303.0
500.0,303.0
503.0,301.0
506.0,301.0
511.0,299.0
515.0,298.0
519.0,296.0
522.0,294.0
526.0,291.0
530.0,287.0
533.0,282.0
536.0,278.0
538.0,273.0
540.0,268.0
540.0,265.0
540.0,262.0
540.0,260.0
540.0,258.0
540.0,257.0
540.0,256.0
539.0,256.0
537.0,255.0
536.0,255.0
533.0,255.0
530.0,257.0
527.0,258.0
523.0,259.0
519.0,262.0
514.0,264.0
511.0,266.0
505.0,269.0
500.0,272.0
497.0,275.0
492.0,278.0
489.0,279.0
486.0,281.0
484.0,281.0
483.0,282.0
481.0,282.0
480.0,282.0
479.0,281.0
479.0,280.0
478.0,278.0
478.0,275.0
478.0,273.0
478.0,270.0
479.0,265.0
482.0,261.0
484.0,257.0
487.0,251.0
490.0,248.0
493.0,245.0
497.0,241.0
502.0,238.0
506.0,235.0
509.0,234.0
513.0,233.0
517.0,231.0
522.0,230.0
526.0,230.0
529.0,230.0
532.0,230.0
534.0,230.0
536.0,231.0
539.0,233.0
543.0,235.0
546.0,238.0
547.0,241.0
550.0,244.0
551.0,247.0
552.0,248.0
554.0,253.0
554.0,258.0
555.0,264.0
556.0,269.0
556.0,275.0
556.0,281.0
556.0,286.0
556.0,289.0
556.0,293.0
556.0,297.0
556.0,301.0
555.0,306.0
555.0,309.0
555.0,312.0
555.0,315.0
555.0,316.0
554.0,320.0
552.0,324.0
551.0,329.0
548.0,335.0
546.0,341.0
544.0,347.0
543.0,350.0
540.0,353.0
537.0,358.0
533.0,363.0
529.0,367.0
522.0,373.0
513.0,379.0
504.0,384.0
494.0,388.0
481.0,392.0
466.0,396.0
454.0,399.0
443.0,399.0
435.0,399.0
429.0,399.0
425.0,399.0
420.0,399.0
415.0,398.0
408.0,393.0
403.0,389.0
401.0,384.0
400.0,381.0
400.0,376.0
400.0,374.0
400.0,371.0
401.0,368.0
403.0,365.0
405.0,362.0
408.0,359.0
411.0,357.0
413.0,356.0
414.0,354.0
416.0,354.0
417.0,354.0
419.0,354.0
420.0,354.0
423.0,356.0
428.0,357.0
433.0,359.0
440.0,362.0
447.0,364.0
453.0,364.0
457.0,365.0
461.0,365.0
466.0,366.0
471.0,366.0
476.0,366.0
482.0,366.0
486.0,364.0
489.0,363.0
491.0,361.0
492.0,359.0
494.0,356.0
495.0,355.0
495.0,352.0
495.0,349.0
495.0,346.0
495.0,343.0
494.0,340.0
491.0,338.0
490.0,336.0
487.0,335.0
484.0,332.0
477.0,329.0
471.0,326.0
463.0,323.0
457.0,321.0
452.0,319.0
446.0,319.0
441.0,318.0
435.0,318.0
428.0,318.0
420.0,318.0
410.0,319.0
401.0,321.0
394.0,322.0
387.0,325.0
380.0,327.0
374.0,330.0
368.0,332.0
363.0,335.0
360.0,337.0
355.0,339.0
353.0,341.0
351.0,342.0
350.0,345.0
348.0,349.0
348.0,353.0
348.0,359.0
348.0,363.0
348.0,367.0
348.0,370.0
349.0,374.0
352.0,379.0
354.0,383.0
359.0,389.0
363.0,395.0
372.0,402.0
383.0,410.0
396.0,416.0
408.0,422.0
415.0,426.0
420.0,428.0
426.0,428.0
434.0,429.0
440.0,429.0
449.0,429.0
460.0,429.0
467.0,427.0
470.0,426.0
476.0,424.0
480.0,424.0
485.0,423.0
488.0,423.0
492.0,423.0
496.0,424.0
499.0,425.0
500.0,427.0
503.0,429.0
506.0,433.0
509.0,437.0
512.0,442.0
516.0,448.0
519.0,454.0
522.0,460.0
525.0,471.0
525.0,480.0
525.0,488.0
525.0,492.0
523.0,499.0
518.0,505.0
512.0,513.0
505.0,522.0
495.0,528.0
486.0,533.0
477.0,537.0
466.0,540.0
458.0,542.0
451.0,542.0
445.0,540.0
437.0,539.0
428.0,536.0
418.0,531.0
411.0,525.0
404.0,519.0
401.0,514.0
401.0,510.0
401.0,505.0
402.0,499.0
405.0,493.0
407.0,490.0
410.0,487.0
412.0,484.0
414.0,482.0
414.0,482.0
414.0,481.0
416.0,481.0
417.0,481.0
418.0,482.0
419.0,483.0
421.0,484.0
424.0,485.0
427.0,487.0
431.0,488.0
437.0,490.0
445.0,493.0
450.0,493.0
453.0,495.0
456.0,495.0
457.0,495.0
459.0,495.0
459.0,494.0
460.0,493.0
462.0,493.0
462.0,492.0
464.0,489.0
464.0,488.0
465.0,487.0
465.0,485.0
465.0,482.0
465.0,479.0
465.0,476.0
465.0,473.0
464.0,470.0
462.0,469.0
462.0,468.0
461.0,467.0
458.0,465.0
456.0,465.0
454.0,463.0
452.0,462.0
449.0,462.0
445.0,462.0
440.0,462.0
436.0,462.0
433.0,462.0
430.0,462.0
427.0,462.0
422.0,462.0
417.0,462.0
413.0,464.0
407.0,464.0
405.0,465.0
401.0,466.0
398.0,466.0
395.0,467.0
392.0,467.0
389.0,468.0
385.0,468.0
381.0,468.0
378.0,468.0
376.0,468.0
375.0,468.0
372.0,468.0
369.0,468.0
366.0,468.0
364.0,469.0
362.0,469.0
360.0,469.0
357.0,469.0
353.0,469.0
347.0,469.0
342.0,469.0
336.0,468.0
327.0,468.0
313.0,468.0
300.0,467.0
273.0,463.0
243.0,459.0
216.0,454.0
204.0,452.0
195.0,450.0
189.0,450.0
183.0,448.0
178.0,448.0
172.0,448.0
166.0,447.0
160.0,446.0
157.0,446.0
152.0,445.0
147.0,444.0
141.0,444.0
139.0,443.0
138.0,443.0
136.0,443.0
135.0,443.0
134.0,443.0
133.0,442.0
132.0,442.0
131.0,442.0
130.0,442.0
129.0,442.0
127.0,441.0
126.0,441.0
125.0,441.0
124.0,441.0
122.0,440.0
120.0,440.0
119.0,439.0
117.0,439.0
116.0,439.0
114.0,438.0
113.0,437.0
111.0,437.0
110.0,436.0
108.0,436.0
107.0,435.0
105.0,435.0
104.0,435.0
103.0,433.0
101.0,432.0
98.0,431.0
96.0,430.0
94.0,429.0
93.0,428.0
91.0,426.0
90.0,425.0
90.0,424.0
90.0,423.0
89.0,421.0
87.0,419.0
87.0,416.0
87.0,414.0
87.0,409.0
87.0,405.0
85.0,399.0
84.0,394.0
84.0,388.0
84.0,381.0
84.0,372.0
85.0,362.0
87.0,350.0
89.0,336.0
92.0,317.0
93.0,303.0
95.0,288.0
97.0,274.0
99.0,265.0
101.0,252.0
104.0,242.0
107.0,232.0
110.0,223.0
113.0,214.0
116.0,207.0
118.0,203.0
121.0,200.0
122.0,197.0
124.0,194.0
124.0,193.0
126.0,192.0
126.0,191.0
127.0,190.0
128.0,190.0
128.0,189.0
130.0,189.0
131.0,189.0
132.0,189.0
134.0,189.0
135.0,189.0
136.0,189.0
137.0,189.0
138.0,189.0
139.0,189.0
141.0,189.0
142.0,189.0
145.0,189.0
147.0,189.0
150.0,189.0
155.0,189.0
164.0,189.0
171.0,189.0
181.0,189.0
190.0,189.0
195.0,189.0
200.0,189.0
206.0,189.0
215.0,190.0
225.0,191.0
235.0,192.0
240.0,193.0
244.0,193.0
247.0,194.0
250.0,194.0
250.0,194.0
252.0,194.0
253.0,194.0
254.0,194.0
256.0,194.0
257.0,194.0
258.0,194.0
258.0,194.0
261.0,195.0
266.0,195.0
275.0,196.0
284.0,198.0
290.0,198.0
296.0,199.0
301.0,201.0
310.0,202.0
319.0,204.0
332.0,207.0
348.0,210.0
360.0,213.0
364.0,215.0
366.0,215.0
368.0,215.0
369.0,215.0
371.0,215.0
372.0,215.0
374.0,215.0
375.0,215.0
377.0,216.0
377.0,217.0
377.0,220.0
377.0,222.0
377.0,223.0
377.0,225.0
375.0,226.0
374.0,229.0
371.0,231.0
369.0,233.0
366.0,235.0
364.0,238.0
361.0,240.0
358.0,243.0
354.0,246.0
351.0,248.0
348.0,249.0
344.0,251.0
338.0,254.0
333.0,256.0
327.0,258.0
323.0,260.0
320.0,263.0
316.0,265.0
312.0,268.0
308.0,271.0
305.0,274.0
303.0,276.0
301.0,281.0
301.0,286.0
299.0,292.0
299.0,298.0
299.0,305.0
301.0,312.0
301.0,319.0
302.0,325.0
305.0,330.0
306.0,334.0
306.0,337.0
306.0,342.0
308.0,346.0
308.0,351.0
308.0,355.0
308.0,359.0
308.0,363.0
308.0,365.0
308.0,366.0
306.0,368.0
305.0,371.0
302.0,374.0
298.0,376.0
294.0,379.0
289.0,382.0
285.0,383.0
279.0,385.0
272.0,386.0
264.0,388.0
258.0,388.0
252.0,388.0
246.0,388.0
240.0,388.0
235.0,388.0
231.0,388.0
225.0,385.0
217.0,382.0
206.0,378.0
198.0,373.0
192.0,370.0
189.0,366.0
186.0,363.0
184.0,359.0
183.0,356.0
182.0,353.0
182.0,348.0
182.0,343.0
182.0,339.0
182.0,336.0
182.0,332.0
182.0,329.0
183.0,325.0
183.0,318.0
184.0,313.0
186.0,308.0
187.0,305.0
190.0,300.0
193.0,295.0
196.0,291.0
200.0,286.0
204.0,282.0
207.0,279.0
212.0,276.0
215.0,273.0
221.0,270.0
228.0,268.0
235.0,266.0
240.0,265.0
243.0,265.0
244.0,265.0
246.0,265.0
247.0,265.0
250.0,268.0
251.0,271.0
254.0,276.0
256.0,280.0
256.0,285.0
256.0,288.0
256.0,294.0
256.0,299.0
256.0,302.0
255.0,305.0
254.0,308.0
251.0,309.0
250.0,309.0
248.0,311.0
245.0,311.0
242.0,311.0
239.0,311.0
238.0,311.0
237.0,311.0
236.0,311.0
235.0,311.0
